0.537667139546100,	0.962967303607613
1.83388501459509,	-0.296963111071037
-2.25884686100365,	-0.582171580988609
0.862173320368121,	-0.260795496513171
0.318765239858981,	0.385169956418936
-1.30768829630527,	-0.964981530162817
-0.433592022305684,	0.337319520510968
0.342624466538650,	0.808094807649985
3.57839693972576,	2.70655594653058
2.76943702988488,	0.645649058287990
-1.34988694015652,	-2.44482700012221
3.03492346633185,	0.109560420746613
0.725404224946106,	1.50982189898451
-0.0630548731896562,	-1.04168742155312
0.714742903826096,	1.13111443824667
-0.204966058299775,	0.0568461496610449
-0.124144348216312,	1.33327792449003
1.48969760778547,	-1.42367009711713
1.40903448980048,	0.234118259132816
1.41719241342961,	-0.727053433614912
0.671497133608081,	2.97551199863046
-1.20748692268504,	0.424962576148990
0.717238651328839,	1.53062702278877
1.63023528916473,	-0.520369043510223
0.488893770311789,	-0.300362642113130
1.03469300991786,	0.0504886523046872
0.726885133383238,	1.26589584282036
-0.303440924786016,	-0.356105207095428
0.293871467096658,	0.757389338490160
-0.787282803758638,	-2.19349284371911
0.888395631757642,	-0.0710326947710384
-1.14707010696915,	-1.12977250419663
-1.06887045816803,	-1.82507765436847
-0.809498694424876,	0.241727324497807
-2.94428416199490,	-0.614289596088273
1.43838029281510,	0.463451859976335
0.325190539456198,	-1.17469051046434
-0.754928319169703,	0.849080587854038
1.37029854009523,	0.745139429332148
-1.71151641885370,	-0.798745735802891
-0.102242446085491,	-0.00883726320755817
-0.241447041607358,	-0.322361828488647
0.319206739165502,	-1.57383416731654
0.312858596637428,	-0.178636080736395
-0.864879917324457,	-1.05253708132695
-0.0300512961962686,	-0.943118669632615
-0.164879019209038,	-1.15260057768406
0.627707287528727,	-0.320668856512609
1.09326566903948,	-1.58241303390548
1.10927329761440,	1.25259823469226
-0.863652821988714,	0.237009871274621
0.0773590911304249,	0.00410237453714764
-1.21411704361541,	-0.397404615123034
-1.11350074148676,	-1.09544975490523
-0.00684932810334806,	0.969709026097925
1.53263030828475,	0.332707716469038
-0.769665913753682,	-0.912518107957546
0.371378812760058,	1.40055350456717
-0.225584402271252,	-0.282093242393821
1.11735613881447,	-0.226691041532859
-1.08906429505224,	-0.606942360952748
0.0325574641649735,	-0.799102844466949
0.552527021112224,	-0.902776190839295
1.10061021788087,	2.73983319444305
1.54421189550395,	2.04250762035782
0.0859311331754255,	0.319149184163999
-1.49159031063761,	-1.64669157699816
-0.742301837259857,	-1.04829443309730
-1.06158173331999,	-0.486877331948794
2.35045722400204,	1.46009997301918
-0.615601881466894,	-1.45533179839338
0.748076783703985,	-1.99812857890507
-0.192418510588264,	-1.44007626748252
0.888610425420721,	0.584732185384911
-0.764849236567874,	0.143872773914003
-1.40226896933876,	0.0101940133872454
-1.42237592509150,	-0.550996415506161
0.488193909859941,	0.321686402373524
-0.177375156618825,	-0.507433575411517
-0.196053487807333,	0.763500161390559
1.41931015064255,	-0.873180690923553
0.291584373984183,	0.521545843890870
0.197811053464361,	-0.750273832089678
1.58769908997406,	0.156847947871889
-0.804465956349547,	0.285981916682067
0.696624415849607,	1.20021663295921
0.835088165072682,	-0.815632903464895
-0.243715140377952,	1.12947722012472
0.215670086403744,	0.694437446712351
-1.16584393148205,	-0.414492791394845
-1.14795277889859,	-0.530614987292776
0.104874716016494,	-0.176120813073905
0.722254032225002,	-0.0724700325881692
2.58549125261624,	0.797631500345112
-0.666890670701386,	-0.151139320111645
0.187331024578940,	0.844212985788385
-0.0824944253709554,	1.43189459351344
-1.93302291785099,	-0.134498891448189
-0.438966153934773,	-0.331743620729465
-1.79467884145512,	0.0579899375372078